query1000,1,2,5,1,6,
query1002,1,2,5,1,6,
query1003,1,2,5,1,6,
query1004,1,2,5,1,6,
query1005,1,2,5,1,6,
query1008,1,2,5,1,6,
query1010,1,2,5,1,6,
query1011,1,2,5,1,6,
query1013,1,2,5,1,6,
query1014,1,2,5,1,6,
query1015,1,2,5,1,6,
query1016,1,2,5,1,6,
query1017,1,2,5,1,6,
query1018,1,2,5,1,6,
query1019,1,2,5,1,6,
query1020,1,2,5,1,6,
query1021,1,2,5,1,6,
query1023,1,2,5,1,6,
query1024,1,2,5,1,6,
query1027,1,2,5,1,6,
query1028,1,2,5,1,6,
query1031,1,2,5,1,6,
query1032,1,2,5,1,6,
query1034,1,2,5,1,6,
query1035,1,2,5,1,6,
query1036,1,2,5,1,6,
query1037,1,2,5,1,6,
query1039,1,2,5,1,6,
query1041,1,2,5,1,6,
query1042,1,2,5,1,6,
query1043,1,2,5,1,6,
query1045,1,2,5,1,6,
query1048,1,2,5,1,6,
query1049,1,2,5,1,6,
query1050,1,2,5,1,6,
query1053,1,2,5,1,6,
query1057,1,2,5,1,6,
query1059,1,2,5,1,6,
query1063,1,2,5,1,6,
query1065,1,2,5,1,6,
query1067,1,2,5,1,6,
query1070,1,2,5,1,6,
query1073,1,2,5,1,6,
query1074,1,2,5,1,6,
query1075,1,2,5,1,6,
query1076,1,2,5,1,6,
query1080,1,2,5,1,6,
query1081,1,2,5,1,6,
query1086,1,2,5,1,6,
query1088,1,2,5,1,6,
query1090,1,2,5,1,6,
query1095,1,2,5,1,6,
query1100,1,2,5,1,6,
query1101,1,2,5,1,6,
query1102,1,2,5,1,6,
query1104,1,2,5,1,6,
query1105,1,2,5,1,6,
query1106,1,2,5,1,6,
query1108,1,2,5,1,6,
query1114,1,2,5,1,6,
query1117,1,2,5,1,6,
query1120,1,2,5,1,6,
query1121,1,2,5,1,6,
query1122,1,2,5,1,6,
query1123,1,2,5,1,6,
query1124,1,2,5,1,6,
query1125,1,2,5,1,6,
query1126,1,2,5,1,6,
query1127,1,2,5,1,6,
query1128,1,2,5,1,6,
query1129,1,2,5,1,6,
query1130,1,2,5,1,6,
query1131,1,2,5,1,6,
query1133,1,2,5,1,6,
query1134,1,2,5,1,6,
query1137,1,2,5,1,6,
query1138,1,2,5,1,6,
query1139,1,2,5,1,6,
query1141,1,2,5,1,6,
query1142,1,2,5,1,6,
query1144,1,2,5,1,6,
query1145,1,2,5,1,6,
query1146,1,2,5,1,6,
query1148,1,2,5,1,6,
query1151,1,2,5,1,6,
query1152,1,2,5,1,6,
query1153,1,2,5,1,6,
query1155,1,2,5,1,6,
query1157,1,2,5,1,6,
query1158,1,2,5,1,6,
query1160,1,2,5,1,6,
query1161,1,2,5,1,6,
query1163,1,2,5,1,6,
query1166,1,2,5,1,6,
query1168,1,2,5,1,6,
query1170,1,2,5,1,6,
query1171,1,2,5,1,6,
query1172,1,2,5,1,6,
query1173,1,2,5,1,6,
query1177,1,2,5,1,6,
query1178,1,2,5,1,6,
query1179,1,2,5,1,6,
query1182,1,2,5,1,6,
query1183,1,2,5,1,6,
query1186,1,2,5,1,6,
query1187,1,2,5,1,6,
query1188,1,2,5,1,6,
query1189,1,2,5,1,6,
query1190,1,2,5,1,6,
query1194,1,2,5,1,6,
query1195,1,2,5,1,6,
query1197,1,2,5,1,6,
query1199,1,2,5,1,6,
query1200,1,2,5,1,6,
query1201,1,2,5,1,6,
query1206,1,2,5,1,6,
query1208,1,2,5,1,6,
query1209,1,2,5,1,6,
query1210,1,2,5,1,6,
query1212,1,2,5,1,6,
query1213,1,2,5,1,6,
query1214,1,2,5,1,6,
query1215,1,2,5,1,6,
query1216,1,2,5,1,6,
query1218,1,2,5,1,6,
query1219,1,2,5,1,6,
query1221,1,2,5,1,6,
query244,1,2,1,1,2,
query245,1,2,1,1,2,
query246,1,2,1,1,2,
query247,1,2,1,1,2,
query248,1,2,1,1,2,
query251,1,2,1,1,2,
query252,1,2,1,1,2,
query255,1,2,1,1,2,
query256,1,2,1,1,2,
query259,1,2,1,1,2,
query268,1,2,1,1,2,
query270,1,2,1,1,2,
query271,1,2,1,1,2,
query275,1,2,1,1,2,
query278,1,2,1,1,2,
query279,1,2,1,1,2,
query282,1,2,1,1,2,
query283,1,2,1,1,2,
query284,1,2,1,1,2,
query285,1,2,1,1,2,
query288,1,2,1,1,2,
query289,1,2,1,1,2,
query290,1,2,1,1,2,
query291,1,2,1,1,2,
query293,1,2,1,1,2,
query295,1,2,1,1,2,
query301,1,2,1,1,2,
query302,1,2,1,1,2,
query303,1,2,1,1,2,
query305,1,2,1,1,2,
query306,1,2,1,1,2,
query307,1,2,1,1,2,
query308,1,2,1,1,2,
query309,1,2,1,1,2,
query312,1,2,1,1,2,
query313,1,2,1,1,2,
query317,1,2,1,1,2,
query321,1,2,1,1,2,
query323,1,2,1,1,2,
query324,1,2,1,1,2,
query326,1,2,1,1,2,
query328,1,2,1,1,2,
query331,1,2,1,1,2,
query334,1,2,1,1,2,
query336,1,2,1,1,2,
query337,1,2,1,1,2,
query339,1,2,1,1,2,
query340,1,2,1,1,2,
query341,1,2,1,1,2,
query346,1,2,1,1,2,
query350,1,2,1,1,2,
query351,1,2,1,1,2,
query358,1,2,1,1,2,
query359,1,2,1,1,2,
query360,1,2,1,1,2,
query361,1,2,1,1,2,
query366,1,2,1,1,2,
query367,1,2,1,1,2,
query368,1,2,1,1,2,
query370,1,2,1,1,2,
query371,1,2,1,1,2,
query372,1,2,1,1,2,
query374,1,2,1,1,2,
query375,1,2,1,1,2,
query376,1,2,2,1,3,
query377,1,2,2,1,3,
query379,1,2,2,1,3,
query383,1,2,2,1,3,
query385,1,2,2,1,3,
query387,1,2,2,1,3,
query388,1,2,2,1,3,
query390,1,2,2,1,3,
query391,1,2,2,1,3,
query392,1,2,2,1,3,
query393,1,2,2,1,3,
query397,1,2,2,1,3,
query401,1,2,2,1,3,
query404,1,2,2,1,3,
query405,1,2,2,1,3,
query406,1,2,2,1,3,
query407,1,2,2,1,3,
query410,1,2,2,1,3,
query419,1,2,2,1,3,
query420,1,2,2,1,3,
query422,1,2,2,1,3,
query427,1,2,2,1,3,
query429,1,2,2,1,3,
query431,1,2,2,1,3,
query434,1,2,2,1,3,
query436,1,2,2,1,3,
query437,1,2,2,1,3,
query441,1,2,2,1,3,
query442,1,2,2,1,3,
query443,1,2,2,1,3,
query444,1,2,2,1,3,
query446,1,2,2,1,3,
query447,1,2,2,1,3,
query449,1,2,2,1,3,
query450,1,2,2,1,3,
query451,1,2,2,1,3,
query452,1,2,2,1,3,
query453,1,2,2,1,3,
query455,1,2,2,1,3,
query456,1,2,2,1,3,
query457,1,2,2,1,3,
query458,1,2,2,1,3,
query462,1,2,2,1,3,
query464,1,2,2,1,3,
query465,1,2,2,1,3,
query466,1,2,2,1,3,
query467,1,2,2,1,3,
query469,1,2,2,1,3,
query470,1,2,2,1,3,
query473,1,2,2,1,3,
query476,1,2,2,1,3,
query477,1,2,2,1,3,
query482,1,2,2,1,3,
query484,1,2,2,1,3,
query487,1,2,2,1,3,
query491,1,2,2,1,3,
query493,1,2,2,1,3,
query494,1,2,2,1,3,
query497,1,2,2,1,3,
query500,1,2,2,1,3,
query501,1,2,2,1,3,
query503,1,2,2,1,3,
query506,1,2,2,1,3,
query508,1,2,2,1,3,
query511,1,2,2,1,3,
query514,1,2,2,1,3,
query515,1,2,2,1,3,
query518,1,2,2,1,3,
query522,1,2,2,1,3,
query523,1,2,2,1,3,
query526,1,2,2,1,3,
query527,1,2,2,1,3,
query528,1,2,2,1,3,
query531,1,2,2,1,3,
query535,1,2,2,1,3,
query536,1,2,2,1,3,
query538,1,2,2,1,3,
query539,1,2,2,1,3,
query540,1,2,2,1,3,
query541,1,2,2,1,3,
query542,1,2,2,1,3,
query543,1,2,2,1,3,
query544,1,2,2,1,3,
query546,1,2,2,1,3,
query547,1,2,2,1,3,
query548,1,2,3,1,4,
query549,1,2,3,1,4,
query551,1,2,3,1,4,
query552,1,2,3,1,4,
query554,1,2,3,1,4,
query555,1,2,3,1,4,
query558,1,2,3,1,4,
query561,1,2,3,1,4,
query563,1,2,3,1,4,
query565,1,2,3,1,4,
query567,1,2,3,1,4,
query569,1,2,3,1,4,
query570,1,2,3,1,4,
query572,1,2,3,1,4,
query573,1,2,3,1,4,
query577,1,2,3,1,4,
query579,1,2,3,1,4,
query580,1,2,3,1,4,
query581,1,2,3,1,4,
query582,1,2,3,1,4,
query583,1,2,3,1,4,
query588,1,2,3,1,4,
query590,1,2,3,1,4,
query592,1,2,3,1,4,
query593,1,2,3,1,4,
query594,1,2,3,1,4,
query595,1,2,3,1,4,
query596,1,2,3,1,4,
query598,1,2,3,1,4,
query599,1,2,3,1,4,
query603,1,2,3,1,4,
query604,1,2,3,1,4,
query608,1,2,3,1,4,
query609,1,2,3,1,4,
query612,1,2,3,1,4,
query613,1,2,3,1,4,
query615,1,2,3,1,4,
query617,1,2,3,1,4,
query618,1,2,3,1,4,
query619,1,2,3,1,4,
query620,1,2,3,1,4,
query621,1,2,3,1,4,
query624,1,2,3,1,4,
query625,1,2,3,1,4,
query627,1,2,3,1,4,
query630,1,2,3,1,4,
query631,1,2,3,1,4,
query632,1,2,3,1,4,
query633,1,2,3,1,4,
query635,1,2,3,1,4,
query636,1,2,3,1,4,
query637,1,2,3,1,4,
query640,1,2,3,1,4,
query642,1,2,3,1,4,
query643,1,2,3,1,4,
query649,1,2,3,1,4,
query651,1,2,3,1,4,
query657,1,2,3,1,4,
query662,1,2,3,1,4,
query663,1,2,3,1,4,
query664,1,2,3,1,4,
query665,1,2,3,1,4,
query666,1,2,3,1,4,
query667,1,2,3,1,4,
query671,1,2,3,1,4,
query672,1,2,3,1,4,
query674,1,2,3,1,4,
query675,1,2,3,1,4,
query677,1,2,3,1,4,
query682,1,2,3,1,4,
query683,1,2,3,1,4,
query685,1,2,3,1,4,
query686,1,2,3,1,4,
query687,1,2,3,1,4,
query691,1,2,3,1,4,
query692,1,2,3,1,4,
query694,1,2,3,1,4,
query695,1,2,3,1,4,
query696,1,2,3,1,4,
query697,1,2,3,1,4,
query701,1,2,3,1,4,
query703,1,2,3,1,4,
query705,1,2,3,1,4,
query706,1,2,3,1,4,
query708,1,2,3,1,4,
query711,1,2,3,1,4,
query713,1,2,3,1,4,
query716,1,2,3,1,4,
query720,1,2,3,1,4,
query724,1,2,3,1,4,
query726,1,2,3,1,4,
query727,1,2,3,1,4,
query728,1,2,3,1,4,
query729,1,2,3,1,4,
query731,1,2,3,1,4,
query732,1,2,3,1,4,
query734,1,2,3,1,4,
query735,1,2,3,1,4,
query738,1,2,3,1,4,
query741,1,2,3,1,4,
query744,1,2,3,1,4,
query746,1,2,3,1,4,
query748,1,2,3,1,4,
query751,1,2,3,1,4,
query754,1,2,4,1,5,
query756,1,2,4,1,5,
query757,1,2,4,1,5,
query758,1,2,4,1,5,
query760,1,2,4,1,5,
query763,1,2,4,1,5,
query764,1,2,4,1,5,
query765,1,2,4,1,5,
query766,1,2,4,1,5,
query767,1,2,4,1,5,
query770,1,2,4,1,5,
query771,1,2,4,1,5,
query772,1,2,4,1,5,
query773,1,2,4,1,5,
query775,1,2,4,1,5,
query780,1,2,4,1,5,
query782,1,2,4,1,5,
query783,1,2,4,1,5,
query785,1,2,4,1,5,
query787,1,2,4,1,5,
query788,1,2,4,1,5,
query789,1,2,4,1,5,
query792,1,2,4,1,5,
query794,1,2,4,1,5,
query795,1,2,4,1,5,
query797,1,2,4,1,5,
query803,1,2,4,1,5,
query804,1,2,4,1,5,
query805,1,2,4,1,5,
query806,1,2,4,1,5,
query807,1,2,4,1,5,
query808,1,2,4,1,5,
query809,1,2,4,1,5,
query812,1,2,4,1,5,
query813,1,2,4,1,5,
query817,1,2,4,1,5,
query818,1,2,4,1,5,
query819,1,2,4,1,5,
query820,1,2,4,1,5,
query821,1,2,4,1,5,
query822,1,2,4,1,5,
query823,1,2,4,1,5,
query824,1,2,4,1,5,
query825,1,2,4,1,5,
query829,1,2,4,1,5,
query830,1,2,4,1,5,
query832,1,2,4,1,5,
query833,1,2,4,1,5,
query835,1,2,4,1,5,
query837,1,2,4,1,5,
query838,1,2,4,1,5,
query839,1,2,4,1,5,
query841,1,2,4,1,5,
query842,1,2,4,1,5,
query844,1,2,4,1,5,
query845,1,2,4,1,5,
query846,1,2,4,1,5,
query847,1,2,4,1,5,
query848,1,2,4,1,5,
query850,1,2,4,1,5,
query854,1,2,4,1,5,
query858,1,2,4,1,5,
query860,1,2,4,1,5,
query861,1,2,4,1,5,
query862,1,2,4,1,5,
query863,1,2,4,1,5,
query867,1,2,4,1,5,
query870,1,2,4,1,5,
query871,1,2,4,1,5,
query872,1,2,4,1,5,
query874,1,2,4,1,5,
query876,1,2,4,1,5,
query880,1,2,4,1,5,
query882,1,2,4,1,5,
query884,1,2,4,1,5,
query891,1,2,4,1,5,
query894,1,2,4,1,5,
query897,1,2,4,1,5,
query900,1,2,4,1,5,
query902,1,2,4,1,5,
query905,1,2,4,1,5,
query907,1,2,4,1,5,
query910,1,2,4,1,5,
query911,1,2,4,1,5,
query914,1,2,4,1,5,
query915,1,2,4,1,5,
query916,1,2,4,1,5,
query921,1,2,4,1,5,
query928,1,2,4,1,5,
query930,1,2,4,1,5,
query931,1,2,4,1,5,
query932,1,2,4,1,5,
query933,1,2,4,1,5,
query934,1,2,4,1,5,
query936,1,2,4,1,5,
query942,1,2,4,1,5,
query943,1,2,4,1,5,
query946,1,2,4,1,5,
query950,1,2,4,1,5,
query953,1,2,4,1,5,
query954,1,2,4,1,5,
query958,1,2,4,1,5,
query960,1,2,4,1,5,
query961,1,2,4,1,5,
query962,1,2,4,1,5,
query964,1,2,4,1,5,
query965,1,2,4,1,5,
query969,1,2,4,1,5,
query972,1,2,4,1,5,
query976,1,2,4,1,5,
query978,1,2,4,1,5,
query980,1,2,5,1,6,
query987,1,2,5,1,6,
query989,1,2,5,1,6,
query990,1,2,5,1,6,
query991,1,2,5,1,6,
query994,1,2,5,1,6,
query996,1,2,5,1,6,
query997,1,2,5,1,6,
query998,1,2,5,1,6,
