12846
130577
1283771
12501790
12846
130577
1283771
12501790
12846
130577
1283771
12501790
12846
130577
1283771
12501790
12846
130577
1283771
12501790
12846
130577
1283771
12501790
12846
130577
1283771
12501790
12846
130577
1283771
12501790
12846
130577
1283771
12501790
12846
130577
1283771
12501790
12846
130577
1283771
12501790
12846
130577
1283771
12501790
12846
130577
1283771
12501790
12846
130577
1283771
12501790
12846
130577
1283771
12501790
12846
130577
1283771
12501790
12846
130577
1283771
12501790
12846
130577
1283771
12501790
12846
130577
1283771
12501790
12846
130577
1283771
12501790
12846
130577
1283771
12501790
2898
28660
255427
2499982
2898
28660
255427
2499982
2898
28660
255427
2499982
2898
28660
255427
2499982
3285
31555
271265
2570057
3285
31555
271265
2570057
3285
31555
271265
2570057
3285
31555
271265
2570057
3285
31555
271265
2570057
3285
31555
271265
2570057
8016
81621
775782
7499045
8016
81621
775782
7499045
8016
81621
775782
7499045
8016
81621
775782
7499045
8016
81621
775782
7499045
8016
81621
775782
7499045
8016
81621
775782
7499045
8016
81621
775782
7499045
2601
28292
291353
2909052
2601
28292
291353
2909052
2601
28292
291353
2909052
2601
28292
291353
2909052
2601
28292
291353
2909052
2601
28292
291353
2909052
2601
28292
291353
2909052
2601
28292
291353
2909052
2601
28292
291353
2909052
2601
28292
291353
2909052
3131
32998
333835
3363633
3131
32998
333835
3363633
3131
32998
333835
3363633
3131
32998
333835
3363633
3131
32998
333835
3363633
3131
32998
333835
3363633
3131
32998
333835
3363633
3131
32998
333835
3363633
3131
32998
333835
3363633
3131
32998
333835
3363633
3131
32998
333835
3363633
3131
32998
333835
3363633
6144
62454
614014
5979469
6144
62454
614014
5979469
6144
62454
614014
5979469
6144
62454
614014
5979469
6144
62454
614014
5979469
6144
62454
614014
5979469
6144
62454
614014
5979469
6144
62454
614014
5979469
6144
62454
614014
5979469
6144
62454
614014
5979469
6144
62454
614014
5979469
6144
62454
614014
5979469
6144
62454
614014
5979469
6144
62454
614014
5979469
6144
62454
614014
5979469
6144
62454
614014
5979469
6144
62454
614014
5979469
6144
62454
614014
5979469
6144
62454
614014
5979469
6144
62454
614014
5979469
6144
62454
614014
5979469
6144
62454
614014
5979469
6144
62454
614014
5979469
6144
62454
614014
5979469
6144
62454
614014
5979469
6144
62454
614014
5979469
6144
62454
614014
5979469
6144
62454
614014
5979469
6144
62454
614014
5979469
6144
62454
614014
5979469
6144
62454
614014
5979469
6144
62454
614014
5979469
6144
62454
614014
5979469
3416
34729
341435
3325004
3416
34729
341435
3325004
3416
34729
341435
3325004
3416
34729
341435
3325004
3416
34729
341435
3325004
3416
34729
341435
3325004
3416
34729
341435
3325004
3416
34729
341435
3325004
3416
34729
341435
3325004
3416
34729
341435
3325004
3416
34729
341435
3325004
3416
34729
341435
3325004
3416
34729
341435
3325004
3416
34729
341435
3325004
3416
34729
341435
3325004
3416
34729
341435
3325004
3416
34729
341435
3325004
3416
34729
341435
3325004
3416
34729
341435
3325004
3416
34729
341435
3325004
3416
34729
341435
3325004
3416
34729
341435
3325004
3416
34729
341435
3325004
3416
34729
341435
3325004
3416
34729
341435
3325004
3416
34729
341435
3325004
3416
34729
341435
3325004
3416
34729
341435
3325004
3416
34729
341435
3325004
3416
34729
341435
3325004
3416
34729
341435
3325004
3416
34729
341435
3325004
3416
34729
341435
3325004
3416
34729
341435
3325004
3416
34729
341435
3325004
3416
34729
341435
3325004
3416
34729
341435
3325004
3416
34729
341435
3325004
3416
34729
341435
3325004
3416
34729
341435
3325004
3416
34729
341435
3325004
3416
34729
341435
3325004
3416
34729
341435
3325004
3416
34729
341435
3325004
3416
34729
341435
3325004
3416
34729
341435
3325004
3416
34729
341435
3325004
3416
34729
341435
3325004
3416
34729
341435
3325004
3416
34729
341435
3325004
3416
34729
341435
3325004
3416
34729
341435
3325004
3416
34729
341435
3325004
3416
34729
341435
3325004
3416
34729
341435
3325004
3416
34729
341435
3325004
3416
34729
341435
3325004
3416
34729
341435
3325004
3416
34729
341435
3325004
3416
34729
341435
3325004
3416
34729
341435
3325004
3416
34729
341435
3325004
3416
34729
341435
3325004
3416
34729
341435
3325004
3416
34729
341435
3325004
3416
34729
341435
3325004
3416
34729
341435
3325004
3416
34729
341435
3325004
3416
34729
341435
3325004
3416
34729
341435
3325004
3416
34729
341435
3325004
3416
34729
341435
3325004
3416
34729
341435
3325004
3416
34729
341435
3325004
3416
34729
341435
3325004
3416
34729
341435
3325004
3416
34729
341435
3325004
3416
34729
341435
3325004
3416
34729
341435
3325004
3416
34729
341435
3325004
3416
34729
341435
3325004
3416
34729
341435
3325004
3416
34729
341435
3325004
3416
34729
341435
3325004
3416
34729
341435
3325004
3416
34729
341435
3325004
3416
34729
341435
3325004
3416
34729
341435
3325004
3416
34729
341435
3325004
3416
34729
341435
3325004
3416
34729
341435
3325004
3416
34729
341435
3325004
3416
34729
341435
3325004
3416
34729
341435
3325004
2618
26618
261688
2548406
2618
26618
261688
2548406
2618
26618
261688
2548406
2618
26618
261688
2548406
2618
26618
261688
2548406
2618
26618
261688
2548406
2618
26618
261688
2548406
2618
26618
261688
2548406
2618
26618
261688
2548406
2618
26618
261688
2548406
2618
26618
261688
2548406
2618
26618
261688
2548406
2618
26618
261688
2548406
2618
26618
261688
2548406
2618
26618
261688
2548406
2618
26618
261688
2548406
2618
26618
261688
2548406
2618
26618
261688
2548406
2618
26618
261688
2548406
2618
26618
261688
2548406
2618
26618
261688
2548406
2618
26618
261688
2548406
2618
26618
261688
2548406
2618
26618
261688
2548406
2618
26618
261688
2548406
2618
26618
261688
2548406
2618
26618
261688
2548406
2618
26618
261688
2548406
2618
26618
261688
2548406
2618
26618
261688
2548406
2618
26618
261688
2548406
2618
26618
261688
2548406
2618
26618
261688
2548406
2618
26618
261688
2548406
2618
26618
261688
2548406
2618
26618
261688
2548406
2618
26618
261688
2548406
2618
26618
261688
2548406
2618
26618
261688
2548406
2618
26618
261688
2548406
2618
26618
261688
2548406
2618
26618
261688
2548406
2618
26618
261688
2548406
2618
26618
261688
2548406
2618
26618
261688
2548406
2618
26618
261688
2548406
2618
26618
261688
2548406
2618
26618
261688
2548406
2618
26618
261688
2548406
2618
26618
261688
2548406
2618
26618
261688
2548406
2618
26618
261688
2548406
2618
26618
261688
2548406
2618
26618
261688
2548406
2618
26618
261688
2548406
2618
26618
261688
2548406
2618
26618
261688
2548406
2618
26618
261688
2548406
2618
26618
261688
2548406
2618
26618
261688
2548406
2618
26618
261688
2548406
2618
26618
261688
2548406
2618
26618
261688
2548406
2618
26618
261688
2548406
2618
26618
261688
2548406
2618
26618
261688
2548406
2618
26618
261688
2548406
2618
26618
261688
2548406
2618
26618
261688
2548406
2618
26618
261688
2548406
2618
26618
261688
2548406
2618
26618
261688
2548406
2618
26618
261688
2548406
2618
26618
261688
2548406
2618
26618
261688
2548406
2618
26618
261688
2548406
2618
26618
261688
2548406
2618
26618
261688
2548406
2618
26618
261688
2548406
2618
26618
261688
2548406
2618
26618
261688
2548406
2618
26618
261688
2548406
2618
26618
261688
2548406
2618
26618
261688
2548406
2618
26618
261688
2548406
2618
26618
261688
2548406
2618
26618
261688
2548406
2618
26618
261688
2548406
2618
26618
261688
2548406
2618
26618
261688
2548406
2618
26618
261688
2548406
2618
26618
261688
2548406
2618
26618
261688
2548406
2618
26618
261688
2548406
2618
26618
261688
2548406
2618
26618
261688
2548406
2618
26618
261688
2548406
2618
26618
261688
2548406
2618
26618
261688
2548406
2618
26618
261688
2548406
2618
26618
261688
2548406
2618
26618
261688
2548406
2618
26618
261688
2548406
2618
26618
261688
2548406
2618
26618
261688
2548406
2618
26618
261688
2548406
2618
26618
261688
2548406
2618
26618
261688
2548406
2618
26618
261688
2548406
2618
26618
261688
2548406
2618
26618
261688
2548406
2618
26618
261688
2548406
2618
26618
261688
2548406
2618
26618
261688
2548406
2618
26618
261688
2548406
2618
26618
261688
2548406
2618
26618
261688
2548406
2618
26618
261688
2548406